2012-09-22 07:08:06.738545	
click_rate	0.209341260057	1.10795957695	1.29438764437	1.28374841044	0.192307692308
top3_click_rate	0.0	0.0	0.852067745705	0.842990397607	0.0769230769231
pos1_click_rate	0.0	0.0	0.480903514277	0.467291577856	0.0384615384615
pos2_click_rate	0.0	0.0	0.225672612535	0.222734649899	0.0384615384615
pos3_click_rate	0.0	0.0	0.145478338755	0.15295324162	0.0
first_click_time	40.0316206206	19.9182916982	15.3257031292	18.3367227006	21.0
non_click_rate	0.814452312184	0.37475501663	0.273114044922	0.278970786399	0.846153846154
page_change_rate	0.145346204728	0.336667569537	0.112395204632	0.113198368171	0.0
page_change_insearch_rate	0.0617925075655	0.101306608372	0.0438000644007	0.0454301929871	0.0
query_change_rate	0.238626424207	0.214016742316	0.172544353456	0.181836376379	0.192307692308
total_search	94907817.0	1096503.0	56701218.0	22144480.0	26.0
total_click	19868122.0	1214881.0	73393356.0	28427941.0	5.0
