2012-09-23 07:10:57.816141	
click_rate	0.199893486104	1.10156304859	1.31189104474	1.30970475992	0.0689655172414
top3_click_rate	0.0	0.0	0.860510926849	0.856838999742	0.0
pos1_click_rate	0.0	0.0	0.48405204077	0.473245954418	0.0
pos2_click_rate	0.0	0.0	0.228680086641	0.227751447603	0.0
pos3_click_rate	0.0	0.0	0.147765933794	0.15582976965	0.0
first_click_time	39.8436338348	19.9578808142	14.5580886252	17.2032667051	4.0
non_click_rate	0.821639553342	0.375682030824	0.267486378383	0.271958716983	0.793103448276
page_change_rate	0.143891395995	0.325840404313	0.115722608097	0.116725740246	0.0
page_change_insearch_rate	0.0617181150865	0.100306688504	0.0450280467331	0.0469289655704	0.0
query_change_rate	0.240930993418	0.217757378269	0.175454489557	0.184864963501	0.103448275862
total_search	93602810.0	1053838.0	53864384.0	20967072.0	29.0
total_click	18710592.0	1160869.0	70664203.0	27460674.0	2.0
