2012-08-25 18:28:14.121940	
click_rate	1.16296750985	0.943561848465	0.0	1.24970196036	0.0
top3_click_rate	0.0	0.0	0.0	0.757508272395	0.0
pos1_click_rate	0.0	0.0	0.0	0.413032495829	0.0
pos2_click_rate	0.0	0.0	0.0	0.20424262866	0.0
pos3_click_rate	0.0	0.0	0.0	0.140233147905	0.0
first_click_time	18.9827308211	24.200181696	0.0	15.5414165566	0.0
non_click_rate	0.296182806386	0.338882427631	0.0	0.218306301466	0.0
page_change_rate	0.107345679685	0.0941788926708	0.0	0.113756467636	0.0
page_change_insearch_rate	0.044640077067	0.0275231805038	0.0	0.0429023002789	0.0
query_change_rate	0.189761923478	0.095323139958	0.0	0.163327720034	0.0
total_search	181550157.0	4686050.0	0.0	19535153.0	0.0
total_click	211136934.0	4421578.0	0.0	24413119.0	0.0
