2012-08-31 18:26:31.258320	
click_rate	0.332813259681	0.678864555485	0.0	1.32678138534	0.0
top3_click_rate	0.0	0.0	0.0	0.77330660758	0.0
pos1_click_rate	0.0	0.0	0.0	0.409995796902	0.0
pos2_click_rate	0.0	0.0	0.0	0.21201705501	0.0
pos3_click_rate	0.0	0.0	0.0	0.151293755669	0.0
first_click_time	33.2894031639	22.921718433	0.0	16.2735795758	0.0
non_click_rate	0.715387673486	0.511238667011	0.0	0.26422601179	0.0
page_change_rate	0.10254695816	0.158550072498	0.0	0.137523494573	0.0
page_change_insearch_rate	0.0434030856289	0.051963206645	0.0	0.0544309248435	0.0
query_change_rate	0.166640881969	0.127363312733	0.0	0.176514302719	0.0
total_search	162111654.0	3395287.0	0.0	5622043.0	0.0
total_click	53952908.0	2304940.0	0.0	7459222.0	0.0
