2012-09-10 18:29:37.706618	
click_rate	0.168168041238	0.84337122053	1.20224144959	1.36350514858	0.0
top3_click_rate	0.0	0.0	0.735025940947	0.789727312016	0.0
pos1_click_rate	0.0	0.0	0.380506215865	0.42257918565	0.0
pos2_click_rate	0.0	0.0	0.209677816142	0.221043095403	0.0
pos3_click_rate	0.0	0.0	0.14484190894	0.146105030963	0.0
first_click_time	40.6120146554	22.9833134336	19.5518092983	17.9604182244	0.0
non_click_rate	0.845479417733	0.484885450428	0.336094864175	0.255792498397	0.666666666667
page_change_rate	0.136667318536	0.315939262088	0.134269727754	0.12396935408	0.0
page_change_insearch_rate	0.0608660726953	0.100391821693	0.0517865748275	0.0490416847824	0.0
query_change_rate	0.197456032342	0.179788438485	0.178311027282	0.169179908996	0.2
total_search	56851902.0	900920.0	27885258.0	3847951.0	15.0
total_click	9560673.0	759810.0	33524813.0	5246701.0	0.0
