2012-09-19 18:30:21.339075	
click_rate	0.199879829029	1.03825089969	1.33115997208	1.35244080731	0.157894736842
top3_click_rate	0.0	0.0	0.757836146522	0.760575086546	0.105263157895
pos1_click_rate	0.0	0.0	0.409972344253	0.408863842546	0.0526315789474
pos2_click_rate	0.0	0.0	0.207939326111	0.21019106953	0.0
pos3_click_rate	0.0	0.0	0.139924476158	0.14152017447	0.0526315789474
first_click_time	36.5210395398	18.5202258853	15.7106851847	19.7536985159	43.0
non_click_rate	0.819765893908	0.395858228966	0.254141472927	0.264581433565	0.736842105263
page_change_rate	0.167394496109	0.36416080811	0.136647486292	0.139112172768	0.0
page_change_insearch_rate	0.0699355771051	0.106336035426	0.0532183795952	0.0551126343122	0.0
query_change_rate	0.230604561886	0.215273287224	0.169445381471	0.184446679237	0.0526315789474
total_search	71226852.0	1159842.0	38647663.0	3839283.0	19.0
total_click	14236811.0	1204207.0	51446222.0	5192403.0	3.0
