2012-09-12 18:30:22.221168	
click_rate	0.164173256079	0.823269079849	1.3511120964	0.415422885572	0.0
top3_click_rate	0.0	0.0	0.754728487865	0.241293532338	0.0
pos1_click_rate	0.0	0.0	0.398062445446	0.135572139303	0.0
pos2_click_rate	0.0	0.0	0.21194582089	0.0646766169154	0.0
pos3_click_rate	0.0	0.0	0.144720221528	0.0410447761194	0.0
first_click_time	41.2839998836	24.0714158673	16.9812508536	15.693989071	0.0
non_click_rate	0.84973240232	0.492008659969	0.255206854852	0.582089552239	0.590909090909
page_change_rate	0.134454954541	0.307076538043	0.135348387892	0.0970149253731	0.0
page_change_insearch_rate	0.0607166044102	0.0992607009968	0.0515632605883	0.0310945273632	0.0
query_change_rate	0.194471148939	0.179212169248	0.173048008037	0.125621890547	0.0909090909091
total_search	62647591.0	1024484.0	75926017.0	804.0	22.0
total_click	10285059.0	843426.0	102584560.0	334.0	0.0
