2012-08-29 18:28:42.057227	
click_rate	1.11565327774	0.869088101453	0.0	1.3274943663	0.0
top3_click_rate	0.0	0.0	0.0	0.795110967437	0.0
pos1_click_rate	0.0	0.0	0.0	0.43221473683	0.0
pos2_click_rate	0.0	0.0	0.0	0.213961037554	0.0
pos3_click_rate	0.0	0.0	0.0	0.148935193053	0.0
first_click_time	18.6947495477	20.663603007	0.0	16.2241082933	0.0
non_click_rate	0.324380229943	0.410160251237	0.0	0.256177406365	0.0
page_change_rate	0.107281454013	0.180839074364	0.0	0.126316764963	0.0
page_change_insearch_rate	0.045524031499	0.0591101305606	0.0	0.0499404977107	0.0
query_change_rate	0.182353651983	0.150289288035	0.0	0.180632799145	0.0
total_search	189759490.0	4206707.0	0.0	41544620.0	0.0
total_click	211705797.0	3655999.0	0.0	55150249.0	0.0
