2012-08-26 18:25:33.645440	
click_rate	0.0	0.0	0.0	1.31883743554	0.0
top3_click_rate	0.0	0.0	0.0	0.796662381752	0.0
pos1_click_rate	0.0	0.0	0.0	0.435662207345	0.0
pos2_click_rate	0.0	0.0	0.0	0.213407664004	0.0
pos3_click_rate	0.0	0.0	0.0	0.147592510404	0.0
first_click_time	0.0	0.0	0.0	15.113127848	0.0
non_click_rate	0.0	0.0	0.0	0.23928348132	0.0
page_change_rate	0.0	0.0	0.0	0.124611808841	0.0
page_change_insearch_rate	0.0	0.0	0.0	0.0492230607701	0.0
query_change_rate	0.0	0.0	0.0	0.186792890515	0.0
total_search	0.0	0.0	0.0	36271434.0	0.0
total_click	0.0	0.0	0.0	47836125.0	0.0
