2012-09-08 18:30:36.741852	
click_rate	0.177723035502	0.873066204476	1.1844876396	1.3090660001	0.428571428571
top3_click_rate	0.0	0.0	0.727667177483	0.779454886314	0.314285714286
pos1_click_rate	0.0	0.0	0.378164305489	0.404124405134	0.142857142857
pos2_click_rate	0.0	0.0	0.207248628019	0.225688602605	0.0571428571429
pos3_click_rate	0.0	0.0	0.142254243976	0.149641878575	0.114285714286
first_click_time	40.5524969828	22.4889601555	18.9739351738	20.2345327067	6.85714285714
non_click_rate	0.837430593107	0.467495537555	0.339471029953	0.130485987598	0.771428571429
page_change_rate	0.123089309958	0.289924476571	0.120802165279	0.110176416863	0.0
page_change_insearch_rate	0.054428517291	0.0936704253056	0.0471303277842	0.0216795654473	0.0
query_change_rate	0.204317162813	0.175233391274	0.179854776223	0.0936163053406	0.0285714285714
total_search	48706618.0	598887.0	77574487.0	41606.0	35.0
total_click	8656288.0	522868.0	91886021.0	54465.0	15.0
