click_rate	0.0	0.0	1.31254566628	0.441489361702	0.15
top3_click_rate	0.0	0.0	0.734178975219	0.287234042553	0.15
pos1_click_rate	0.0	0.0	0.389452062518	0.18085106383	0.15
pos2_click_rate	0.0	0.0	0.205908013415	0.0531914893617	0.0
pos3_click_rate	0.0	0.0	0.138818899287	0.0531914893617	0.0
first_click_time	0.0	0.0	16.9166720629	22.2195121951	2.0
non_click_rate	0.0	0.0	0.264792840784	0.372340425532	0.75
page_change_rate	0.0	0.0	0.114846655946	0.143617021277	0.0
page_change_insearch_rate	0.0	0.0	0.044625941316	0.0531914893617	0.0
query_change_rate	0.0	0.0	0.175268329166	0.117021276596	0.05
total_search	0.0	0.0	78450939.0	188.0	20.0
total_click	0.0	0.0	102970440.0	83.0	3.0
