2012-09-07 18:25:53.628871	
click_rate	0.154739444456	0.628583544714	0.0	0.0	0.0
top3_click_rate	0.0	0.0	0.0	0.0	0.0
pos1_click_rate	0.0	0.0	0.0	0.0	0.0
pos2_click_rate	0.0	0.0	0.0	0.0	0.0
pos3_click_rate	0.0	0.0	0.0	0.0	0.0
first_click_time	40.8569802809	25.4095044778	0.0	0.0	0.0
non_click_rate	0.856150070578	0.593741816718	0.0	0.0	0.0
page_change_rate	0.111804602401	0.222348812032	0.0	0.0	0.0
page_change_insearch_rate	0.0500953776452	0.0716621003138	0.0	0.0	0.0
query_change_rate	0.165450463508	0.134033854849	0.0	0.0	0.0
total_search	52376529.0	1023428.0	0.0	0.0	0.0
total_click	8104715.0	643310.0	0.0	0.0	0.0
