2012-09-16 18:31:11.079818	
click_rate	0.116552239534	0.516777383196	1.32738201612	0.669230769231	0.379310344828
top3_click_rate	0.0	0.0	0.741288245383	0.369230769231	0.310344827586
pos1_click_rate	0.0	0.0	0.389574520785	0.184615384615	0.275862068966
pos2_click_rate	0.0	0.0	0.21000019065	0.107692307692	0.0
pos3_click_rate	0.0	0.0	0.141713533948	0.0769230769231	0.0344827586207
first_click_time	44.9090225867	31.2362964786	16.9148607797	17.4888888889	45.1666666667
non_click_rate	0.890864628347	0.638936727338	0.260838328384	0.553846153846	0.620689655172
page_change_rate	0.0792479611741	0.17383127126	0.119615430425	0.0769230769231	0.0
page_change_insearch_rate	0.0410299859003	0.0707297145961	0.0465755624467	0.0384615384615	0.0
query_change_rate	0.139219090741	0.122620792973	0.178314729932	0.238461538462	0.103448275862
total_search	138593004.0	2030561.0	76370264.0	130.0	29.0
total_click	16153325.0	1049348.0	101372515.0	87.0	11.0
