click_rate	0.0	0.0	1.32510171581	0.461485557084	0.0952380952381
top3_click_rate	0.0	0.0	0.756601551361	0.293672627235	0.047619047619
pos1_click_rate	0.0	0.0	0.398099394593	0.162998624484	0.031746031746
pos2_click_rate	0.0	0.0	0.213134430951	0.0825309491059	0.015873015873
pos3_click_rate	0.0	0.0	0.145367725817	0.0481430536451	0.0
first_click_time	0.0	0.0	17.202726073	13.9701897019	44.75
non_click_rate	0.0	0.0	0.268979081743	0.547455295736	0.47619047619
page_change_rate	0.0	0.0	0.137773953081	0.141678129298	0.920634920635
page_change_insearch_rate	0.0	0.0	0.0523117982922	0.0419532324622	0.0793650793651
query_change_rate	0.0	0.0	0.174983416001	0.128610729023	0.126984126984
total_search	0.0	0.0	76634108.0	1454.0	63.0
total_click	0.0	0.0	101547988.0	671.0	6.0
