2012-09-09 18:29:40.727887	
click_rate	0.172319371819	0.897014056392	1.19168824693	1.2980611259	0.212121212121
top3_click_rate	0.0	0.0	0.726531330915	0.748329575983	0.212121212121
pos1_click_rate	0.0	0.0	0.373109136254	0.383873426907	0.212121212121
pos2_click_rate	0.0	0.0	0.208943853102	0.21523296249	0.0
pos3_click_rate	0.0	0.0	0.144478341559	0.149223186586	0.0
first_click_time	40.514935176	22.1346575358	19.0169364742	19.7545145423	6.25
non_click_rate	0.841667389346	0.460685353073	0.341439392842	0.141308291581	0.757575757576
page_change_rate	0.120594764999	0.282408716626	0.122907424531	0.120074848041	0.0
page_change_insearch_rate	0.0539218560651	0.0933860101472	0.0480639159526	0.0252306387767	0.0
query_change_rate	0.205124002462	0.180048240872	0.181767413826	0.096729678716	0.242424242424
total_search	50633309.0	601150.0	75036541.0	490594.0	33.0
total_click	8725100.0	539240.0	89420164.0	636821.0	7.0
