2012-08-24 18:28:55.413811	
click_rate	1.12442686367	0.896918598393	0.0	1.34307396446	0.0
top3_click_rate	1.09399997301e-08	0.0	0.0	0.820374877536	0.0
pos1_click_rate	1.09399997301e-08	0.0	0.0	0.454963248432	0.0
pos2_click_rate	0.0	0.0	0.0	0.21512571534	0.0
pos3_click_rate	0.0	0.0	0.0	0.150285913764	0.0
first_click_time	19.0832535289	23.8376144499	0.0	15.1040764927	0.0
non_click_rate	0.312146494079	0.370000290999	0.0	0.229276294648	0.0
page_change_rate	0.103806484839	0.110891400832	0.0	0.122469422045	0.0
page_change_insearch_rate	0.0439883987648	0.0342443012354	0.0	0.0482836756672	0.0
query_change_rate	0.183846936144	0.103473549395	0.0	0.175360847872	0.0
total_search	182815361.0	5704482.0	0.0	18889262.0	0.0
total_click	205562503.0	5116456.0	0.0	25369676.0	0.0
