2012-09-02 18:27:17.782704	
click_rate	0.275299764355	0.812958397854	0.0	1.35111084489	0.0
top3_click_rate	0.0	0.0	0.0	0.810017852118	0.0
pos1_click_rate	0.0	0.0	0.0	0.445553383508	0.0
pos2_click_rate	0.0	0.0	0.0	0.217430343287	0.0
pos3_click_rate	0.0	0.0	0.0	0.147034125323	0.0
first_click_time	34.2686845126	22.74601095	0.0	16.2952669619	0.0
non_click_rate	0.746608280232	0.461400368548	0.0	0.241236042945	1.0
page_change_rate	0.0975067321964	0.168521414062	0.0	0.126824696695	0.0
page_change_insearch_rate	0.0420024143039	0.0574010400065	0.0	0.0498453034815	0.0
query_change_rate	0.167497992191	0.1365199957	0.0	0.182292254306	0.0
total_search	133188701.0	2650945.0	0.0	33272242.0	1.0
total_click	36666818.0	2155108.0	0.0	44954487.0	0.0
