2012-09-01 18:28:11.725253	
click_rate	0.290422246932	0.680382971087	0.0	1.3427574638	0.0
top3_click_rate	0.0	0.0	0.0	0.79913813654	0.0
pos1_click_rate	0.0	0.0	0.0	0.436262510259	0.0
pos2_click_rate	0.0	0.0	0.0	0.214950987341	0.0
pos3_click_rate	0.0	0.0	0.0	0.147924610246	0.0
first_click_time	34.3968835425	23.4380026357	0.0	16.4968725286	0.0
non_click_rate	0.7423140869	0.529885696257	0.0	0.246736936873	0.0
page_change_rate	0.0880539890355	0.143289008914	0.0	0.125552078913	0.0
page_change_insearch_rate	0.0387939533166	0.0495482652789	0.0	0.0491028721245	0.0
query_change_rate	0.152351278358	0.121246197353	0.0	0.179256942901	0.0
total_search	191403901.0	4145796.0	0.0	34850996.0	0.0
total_click	55587951.0	2820729.0	0.0	46796435.0	0.0
