2012-08-28 18:28:58.043277	
click_rate	1.13617044655	0.885167695302	0.0	1.30761490077	0.0
top3_click_rate	0.0	0.0	0.0	0.786401025384	0.0
pos1_click_rate	0.0	0.0	0.0	0.429584203307	0.0
pos2_click_rate	0.0	0.0	0.0	0.210493976623	0.0
pos3_click_rate	0.0	0.0	0.0	0.146322845454	0.0
first_click_time	17.8431164933	20.4410055982	0.0	15.8424204337	0.0
non_click_rate	0.313241163167	0.399337879186	0.0	0.256370776273	1.0
page_change_rate	0.107968432001	0.172371504237	0.0	0.123830345866	0.0
page_change_insearch_rate	0.045651071166	0.0551312827516	0.0	0.0491520398741	0.0
query_change_rate	0.184748239972	0.145216566124	0.0	0.179330453344	0.333333333333
total_search	190407887.0	4884305.0	0.0	41217740.0	3.0
total_click	216335814.0	4323429.0	0.0	53896931.0	0.0
