2012-09-14 18:29:26.240022	
click_rate	0.143097192591	0.5986421337	1.31835369634	0.503416856492	0.0416666666667
top3_click_rate	0.0	0.0	0.741598011676	0.305239179954	0.0
pos1_click_rate	0.0	0.0	0.395354152899	0.202733485194	0.0
pos2_click_rate	0.0	0.0	0.207680416897	0.0637813211845	0.0
pos3_click_rate	0.0	0.0	0.13856344188	0.0387243735763	0.0
first_click_time	42.2264157413	26.8145532081	17.1707884238	13.932038835	17.0
non_click_rate	0.867594899515	0.604809834364	0.259823894781	0.662870159453	0.875
page_change_rate	0.101062097007	0.215383446272	0.12370332341	0.0592255125285	0.0
page_change_insearch_rate	0.0475982165786	0.0746648465024	0.0476040974909	0.0273348519362	0.0
query_change_rate	0.155568267348	0.133756060558	0.168729868771	0.150341685649	0.0416666666667
total_search	84797904.0	1460674.0	74457078.0	439.0	24.0
total_click	12134342.0	874421.0	98160764.0	221.0	1.0
