2012-09-13 18:30:08.052566	
click_rate	0.165134764316	0.815626399624	1.33904223511	0.234703196347	0.173913043478
top3_click_rate	0.0	0.0	0.746771923342	0.140639269406	0.130434782609
pos1_click_rate	0.0	0.0	0.395100327757	0.0767123287671	0.0869565217391
pos2_click_rate	0.0	0.0	0.20950418111	0.034703196347	0.0
pos3_click_rate	0.0	0.0	0.142167414475	0.0292237442922	0.0434782608696
first_click_time	41.3432158161	24.1662955284	17.0874101984	16.8148148148	4.5
non_click_rate	0.849181418215	0.493065703088	0.257579915806	0.450228310502	0.695652173913
page_change_rate	0.132038464958	0.300762571751	0.133823726458	0.0420091324201	0.0
page_change_insearch_rate	0.0599406654156	0.0977838279122	0.0506354754329	0.0200913242009	0.0
query_change_rate	0.194196776485	0.179002962671	0.172292795967	0.119634703196	0.0434782608696
total_search	62425650.0	1020363.0	75385369.0	1095.0	23.0
total_click	10308645.0	832235.0	100944193.0	257.0	4.0
