2012-09-24 07:07:23.116472	
click_rate	0.199693699699	1.0995698736	1.33050512264	1.31499811644	0.0322580645161
top3_click_rate	0.0	0.0	0.868388108526	0.855367066088	0.0
pos1_click_rate	0.0	0.0	0.489648206685	0.471915029045	0.0
pos2_click_rate	0.0	0.0	0.230121194139	0.229312211782	0.0
pos3_click_rate	0.0	0.0	0.148599750297	0.154122539328	0.0
first_click_time	39.027859888	19.7660179599	14.1260649374	16.122989257	0.0
non_click_rate	0.822907278242	0.390292164092	0.263399935999	0.274604841018	0.806451612903
page_change_rate	0.171893250881	0.377607824204	0.130829330546	0.133954455935	0.0
page_change_insearch_rate	0.0717922027152	0.109654435861	0.0497543116452	0.0524247493853	0.0
query_change_rate	0.235463412762	0.218403996957	0.170286964716	0.182843395628	0.225806451613
total_search	92844832.0	1367040.0	52380586.0	21520389.0	31.0
total_click	18540528.0	1503156.0	69692638.0	28299271.0	1.0
