2012-08-27 18:30:04.982423	
click_rate	1.1256882472	0.921928915847	0.0	1.30592826355	0.0
top3_click_rate	1.61486139284e-08	0.0	0.0	0.788426281865	0.0
pos1_click_rate	1.61486139284e-08	0.0	0.0	0.43111869769	0.0
pos2_click_rate	0.0	0.0	0.0	0.211824678192	0.0
pos3_click_rate	0.0	0.0	0.0	0.145482905983	0.0
first_click_time	18.8926281208	24.5729540991	0.0	15.9281738879	0.0
non_click_rate	0.316780431678	0.352522735102	0.0	0.250355884294	1.0
page_change_rate	0.107210986992	0.10168927457	0.0	0.125408702377	0.0
page_change_insearch_rate	0.0456308530853	0.0284592261182	0.0	0.0496115320959	0.0
query_change_rate	0.183803416076	0.0935246142977	0.0	0.186495178497	0.0
total_search	185774458.0	4795668.0	0.0	52673721.0	1.0
total_click	209124124.0	4421265.0	0.0	68788101.0	0.0
