2012-09-18 18:37:08.088765	
click_rate	0.154112454325	0.80288958633	1.33262333429	0.284403669725	0.30303030303
top3_click_rate	0.0	0.0	0.75283252823	0.186544342508	0.181818181818
pos1_click_rate	0.0	0.0	0.403129753461	0.085626911315	0.121212121212
pos2_click_rate	0.0	0.0	0.209038594314	0.0672782874618	0.030303030303
pos3_click_rate	0.0	0.0	0.140664180455	0.0336391437309	0.030303030303
first_click_time	39.5473320473	22.1360513637	16.7352117905	28.9642857143	57.0
non_click_rate	0.859617439912	0.514276063238	0.259068701893	0.608562691131	0.666666666667
page_change_rate	0.124872583788	0.286050830026	0.137472831208	0.100917431193	0.0
page_change_insearch_rate	0.0556193836981	0.0907478953557	0.0543325907938	0.0336391437309	0.0
query_change_rate	0.180459939075	0.172624542809	0.172380025256	0.128440366972	0.212121212121
total_search	135317357.0	2184811.0	75690243.0	327.0	33.0
total_click	20854090.0	1754162.0	100866584.0	93.0	10.0
