2012-09-17 18:31:11.980781	
click_rate	0.123346254459	0.602633671868	1.33888910813	0.706697459584	0.162162162162
top3_click_rate	0.0	0.0	0.755106572171	0.355658198614	0.135135135135
pos1_click_rate	0.0	0.0	0.402505803899	0.254041570439	0.027027027027
pos2_click_rate	0.0	0.0	0.211153888402	0.066974595843	0.108108108108
pos3_click_rate	0.0	0.0	0.141446879869	0.0346420323326	0.0
first_click_time	43.0613576352	27.7446363877	16.8631964302	18.9	10.6666666667
non_click_rate	0.88574799137	0.604141788798	0.256626565896	0.38337182448	0.675675675676
page_change_rate	0.0975090124169	0.221100420959	0.137429710074	0.110854503464	0.0
page_change_insearch_rate	0.047608690104	0.0793933436403	0.0535582778799	0.0277136258661	0.0
query_change_rate	0.146114110466	0.139558489678	0.173908983673	0.0392609699769	0.135135135135
total_search	151792246.0	2557494.0	74676953.0	433.0	37.0
total_click	18723005.0	1541232.0	99984159.0	306.0	6.0
