2012-09-21 18:46:48.723460	
click_rate	0.206728898339	1.07866892717	1.310618886	1.30870197812	0.16
top3_click_rate	0.0	0.0	0.861761982103	0.856194611436	0.12
pos1_click_rate	0.0	0.0	0.488607794425	0.474844178629	0.08
pos2_click_rate	0.0	0.0	0.227824509945	0.227477555649	0.0
pos3_click_rate	0.0	0.0	0.145316062952	0.153861846292	0.04
first_click_time	39.2541437942	19.3657584793	16.3302111052	18.8156410656	1.0
non_click_rate	0.817150744109	0.391133014509	0.264210665801	0.270738028648	0.8
page_change_rate	0.164385982513	0.376997641735	0.121226908142	0.125703783116	0.0
page_change_insearch_rate	0.0684450373726	0.107682615878	0.0474031063522	0.0493490958105	0.0
query_change_rate	0.232584898254	0.216859348066	0.165841669978	0.178830558324	0.16
total_search	91544168.0	1336576.0	53618195.0	21666476.0	25.0
total_click	18924825.0	1441723.0	70273019.0	28354960.0	4.0
