2012-08-23 18:29:02.741785	
click_rate	1.08504362365	0.807827279802	0.0	1.35456700113	0.0
top3_click_rate	0.0	0.0	0.0	0.828760895955	0.0
pos1_click_rate	0.0	0.0	0.0	0.464850197841	0.0
pos2_click_rate	0.0	0.0	0.0	0.210311935906	0.0
pos3_click_rate	0.0	0.0	0.0	0.153598762208	0.0
first_click_time	19.3758936467	25.0680793477	0.0	14.7476751954	0.0
non_click_rate	0.333593724754	0.426702054148	0.0	0.227920284013	0.96091954023
page_change_rate	0.101849076916	0.106578484275	0.0	0.124600561027	0.0
page_change_insearch_rate	0.0432171493517	0.0346453302897	0.0	0.0487195357837	0.0
query_change_rate	0.177336263909	0.101951129163	0.0	0.176125191724	0.216091954023
total_search	200898836.0	7520927.0	0.0	23567117.0	435.0
total_click	217984001.0	6075610.0	0.0	31923239.0	0.0
