2012-09-20 18:31:11.368793	
click_rate	0.20109685717	1.05714998195	1.32670114724	1.33602904703	0.0
top3_click_rate	0.0	0.0	0.783272456683	0.79556249897	0.0
pos1_click_rate	0.0	0.0	0.42646170695	0.433042799014	0.0
pos2_click_rate	0.0	0.0	0.214482232123	0.216986991165	0.0
pos3_click_rate	0.0	0.0	0.142326845762	0.145531519015	0.0
first_click_time	38.883235597	18.653700775	15.3936955387	18.9420113171	0.0
non_click_rate	0.821701563492	0.394181074402	0.26009670678	0.264877562825	0.857142857143
page_change_rate	0.167045589418	0.380810331047	0.130449123354	0.134150618409	0.0
page_change_insearch_rate	0.0696248736502	0.109271520792	0.0501744230316	0.0526754874881	0.0
query_change_rate	0.233125296685	0.219659432349	0.17105336509	0.181951682253	0.285714285714
total_search	88509245.0	1387507.0	53832627.0	21852840.0	14.0
total_click	17798931.0	1466803.0	71419808.0	29196029.0	0.0
